|
|
|
|
|#
|
|
|
|
|
|
|
|
|
|
|
|
|
|#
|
|
|
|
|
|
|
|
|
|
|
|
|
|
|#
|
|
|
|
|
|
|
|
|
|
|
|
|
|
|#
|
|
|
|
|
|
|
|
|
|
|
|
|
|
|
|
|
|
|
|
|
|
|
|
|
|
|
|
|#
|
|
|
|
|
|
|
|
|
|
|
|
|
|#
|
|
|
|
|
|
|
|
|
|
|
|
|
|#
|
|
|

|
|
|
|
|
|
|
|
|
|
|
|#
|
|
|
|
|
|
|
|
|
|
|
|
|
|
|#
|
|
|
|
|
|
|
|
|
|
|
|
|
|
|
|
|
|
|
|
|
|
|
|
|
|
|
|
|
|
|
|
|
|
|
|
|
|
|
|
|
|
|
|
|#
|
|
|
|
|
|
|
|
|
|
|
|
|
|#
|
|
|
|
|
|
|
|
|
|
|
|
|
|#
|
|
|
|
|
|
|
|
|

|
|
90, 91, 92, 93, 94, 95, 96, 97, 98, 99, 100,
|
|
|
101, 102, 103, 104, 105, 106, 107, 108, 109,
|
|
|
110, 111, 112, 113, 114, 115, 116, 117, 118,
|
|
|
119, 120, 121, 122, 123, 124, 125, 126, 127
|
00 56 | 0000 aaaa |
|
00 57 | 0000 bbbb | PATCH MIDI 3:BANK LSB
(0 - 128) |
|
|
OFF, 0, 1, 2, 3, 4, 5, 6, 7, 8, 9, 10, 11, 12, |
|
|
13, 14, 15, 16, 17, 18, 19, 20, 21, 22, 23,
|
|
|
24, 25, 26, 27, 28, 29, 30, 31, 32, 33, 34,
|
|
|
35, 36, 37, 38, 39, 40, 41, 42, 43, 44, 45,
|
|
|
46, 47, 48, 49, 50, 51, 52, 53, 54, 55, 56,
|
|
|
57, 58, 59, 60, 61, 62, 63, 64, 65, 66, 67,
|
|
|
68, 69, 70, 71, 72, 73, 74, 75, 76, 77, 78,
|
|
|
79, 80, 81, 82, 83, 84, 85, 86, 87, 88, 89,
|
|
|
90, 91, 92, 93, 94, 95, 96, 97, 98, 99, 100,
|
|
|
101, 102, 103, 104, 105, 106, 107, 108, 109,
|
|
|
110, 111, 112, 113, 114, 115, 116, 117, 118,
|
|
|
119, 120, 121, 122, 123, 124, 125, 126, 127
|
00 58 | 0000 aaaa |
|
00 59 | 0000 bbbb | PATCH MIDI 3:PC#
(0 - 128) |
|
|
OFF, 1, 2, 3, 4, 5, 6, 7, 8, 9, 10, 11, 12,
|
|
|
13, 14, 15, 16, 17, 18, 19, 20, 21, 22, 23,
|
|
|
24, 25, 26, 27, 28, 29, 30, 31, 32, 33, 34,
|
|
|
35, 36, 37, 38, 39, 40, 41, 42, 43, 44, 45,
|
|
|
46, 47, 48, 49, 50, 51, 52, 53, 54, 55, 56,
|
|
|
57, 58, 59, 60, 61, 62, 63, 64, 65, 66, 67,
|
|
|
68, 69, 70, 71, 72, 73, 74, 75, 76, 77, 78,
|
|
|
79, 80, 81, 82, 83, 84, 85, 86, 87, 88, 89,
|
|
|
90, 91, 92, 93, 94, 95, 96, 97, 98, 99, 100,
|
|
|
101, 102, 103, 104, 105, 106, 107, 108, 109,
|
|
|
110, 111, 112, 113, 114, 115, 116, 117, 118,
|
|
|
119, 120, 121, 122, 123, 124, 125, 126, 127,
|
|
|
128
|
00 5A | 0000 aaaa |
|
00 5B | 0000 bbbb | PATCH MIDI 3:CC1#
(0 - 128) |
|
|
OFF, 0, 1, 2, 3, 4, 5, 6, 7, 8, 9, 10, 11, 12, |
|
|
13, 14, 15, 16, 17, 18, 19, 20, 21, 22, 23,
|
|
|
24, 25, 26, 27, 28, 29, 30, 31, 32, 33, 34,
|
|
|
35, 36, 37, 38, 39, 40, 41, 42, 43, 44, 45,
|
|
|
46, 47, 48, 49, 50, 51, 52, 53, 54, 55, 56,
|
|
|
57, 58, 59, 60, 61, 62, 63, 64, 65, 66, 67,
|
|
|
68, 69, 70, 71, 72, 73, 74, 75, 76, 77, 78,
|
|
|
79, 80, 81, 82, 83, 84, 85, 86, 87, 88, 89,
|
|
|
90, 91, 92, 93, 94, 95, 96, 97, 98, 99, 100,
|
|
|
101, 102, 103, 104, 105, 106, 107, 108, 109,
|
|
|
110, 111, 112, 113, 114, 115, 116, 117, 118,
|
|
|
119, 120, 121, 122, 123, 124, 125, 126, 127
|
00 5C | 0aaa aaaa | PATCH MIDI 3:CC1 VALUE
(0 - 127) |
00 5D | 0000 aaaa |
|
00 5E | 0000 bbbb | PATCH MIDI 3:CC2#
(0 - 128) |
|
|
OFF, 0, 1, 2, 3, 4, 5, 6, 7, 8, 9, 10, 11, 12, |
|
|
13, 14, 15, 16, 17, 18, 19, 20, 21, 22, 23,
|
|
|
24, 25, 26, 27, 28, 29, 30, 31, 32, 33, 34,
|
|
|
35, 36, 37, 38, 39, 40, 41, 42, 43, 44, 45,
|
|
|
46, 47, 48, 49, 50, 51, 52, 53, 54, 55, 56,
|
|
|
57, 58, 59, 60, 61, 62, 63, 64, 65, 66, 67,
|
|
|
68, 69, 70, 71, 72, 73, 74, 75, 76, 77, 78,
|
|
|
79, 80, 81, 82, 83, 84, 85, 86, 87, 88, 89,
|
|
|
90, 91, 92, 93, 94, 95, 96, 97, 98, 99, 100,
|
|
|
101, 102, 103, 104, 105, 106, 107, 108, 109,
|
|
|
110, 111, 112, 113, 114, 115, 116, 117, 118,
|
|
|
119, 120, 121, 122, 123, 124, 125, 126, 127
|
00 5F | 0aaa aaaa | PATCH MIDI 3:CC2 VALUE
(0 - 127) |
00 60 | 000a aaaa | PATCH MIDI 4:CH
(0 - 16) |
|
|
OFF, 1, 2, 3, 4, 5, 6, 7, 8, 9, 10, 11, 12,
|
|
|
13, 14, 15, 16, 17, 18, 19, 20, 21, 22, 23,
|
|
|
24, 25, 26, 27, 28, 29, 30, 31, 32, 33, 34,
|
|
|
35, 36, 37, 38, 39, 40, 41, 42, 43, 44, 45,
|
|
|
46, 47, 48, 49, 50, 51, 52, 53, 54, 55, 56,
|
|
|
57, 58, 59, 60, 61, 62, 63, 64, 65, 66, 67,
|
|
|
68, 69, 70, 71, 72, 73, 74, 75, 76, 77, 78,
|
|
|
79, 80, 81, 82, 83, 84, 85, 86, 87, 88, 89,
|
|
|
90, 91, 92, 93, 94, 95, 96, 97, 98, 99, 100,
|
|
|
101, 102, 103, 104, 105, 106, 107, 108, 109,
|
|
|
110, 111, 112, 113, 114, 115, 116, 117, 118,
|
|
|
119, 120, 121, 122, 123, 124, 125, 126, 127,
|
|
|
128
|
00 61 | 0000 aaaa |
|
00 62 | 0000 bbbb | PATCH MIDI 4:BANK MSB
(0 - 128) |
|
|
OFF, 0, 1, 2, 3, 4, 5, 6, 7, 8, 9, 10, 11, 12, |
|
|
13, 14, 15, 16, 17, 18, 19, 20, 21, 22, 23,
|
|
|
24, 25, 26, 27, 28, 29, 30, 31, 32, 33, 34,
|
|
|
35, 36, 37, 38, 39, 40, 41, 42, 43, 44, 45,
|
|
|
46, 47, 48, 49, 50, 51, 52, 53, 54, 55, 56,
|
|
|
57, 58, 59, 60, 61, 62, 63, 64, 65, 66, 67,
|
|
|
68, 69, 70, 71, 72, 73, 74, 75, 76, 77, 78,
|
|
|
79, 80, 81, 82, 83, 84, 85, 86, 87, 88, 89,
|
|
|
90, 91, 92, 93, 94, 95, 96, 97, 98, 99, 100,
|
|
|
101, 102, 103, 104, 105, 106, 107, 108, 109,
|
|
|
110, 111, 112, 113, 114, 115, 116, 117, 118,
|
|
|
119, 120, 121, 122, 123, 124, 125, 126, 127
|
00 63 | 0000 aaaa |
|
00 64 | 0000 bbbb | PATCH MIDI 4:BANK LSB
(0 - 128) |
|
|
OFF, 0, 1, 2, 3, 4, 5, 6, 7, 8, 9, 10, 11, 12, |
|
|
13, 14, 15, 16, 17, 18, 19, 20, 21, 22, 23,
|
|
|
24, 25, 26, 27, 28, 29, 30, 31, 32, 33, 34,
|
|
|
35, 36, 37, 38, 39, 40, 41, 42, 43, 44, 45,
|
|
|
46, 47, 48, 49, 50, 51, 52, 53, 54, 55, 56,
|
|
|
57, 58, 59, 60, 61, 62, 63, 64, 65, 66, 67,
|
|
|
68, 69, 70, 71, 72, 73, 74, 75, 76, 77, 78,
|
|
|
79, 80, 81, 82, 83, 84, 85, 86, 87, 88, 89,
|
|
|
90, 91, 92, 93, 94, 95, 96, 97, 98, 99, 100,
|
|
|
101, 102, 103, 104, 105, 106, 107, 108, 109,
|
|
|
110, 111, 112, 113, 114, 115, 116, 117, 118,
|
|
|
119, 120, 121, 122, 123, 124, 125, 126, 127
|
00 65 | 0000 aaaa |
|
00 66 | 0000 bbbb | PATCH MIDI 4:PC#
(0 - 128) |
|
|
OFF, 1, 2, 3, 4, 5, 6, 7, 8, 9, 10, 11, 12,
|
|
|
13, 14, 15, 16, 17, 18, 19, 20, 21, 22, 23,
|

26

|
|
24, 25, 26, 27, 28, 29, 30, 31, 32, 33, 34,
|
|
|
35, 36, 37, 38, 39, 40, 41, 42, 43, 44, 45,
|
|
|
46, 47, 48, 49, 50, 51, 52, 53, 54, 55, 56,
|
|
|
57, 58, 59, 60, 61, 62, 63, 64, 65, 66, 67,
|
|
|
68, 69, 70, 71, 72, 73, 74, 75, 76, 77, 78,
|
|
|
79, 80, 81, 82, 83, 84, 85, 86, 87, 88, 89,
|
|
|
90, 91, 92, 93, 94, 95, 96, 97, 98, 99, 100,
|
|
|
101, 102, 103, 104, 105, 106, 107, 108, 109,
|
|
|
110, 111, 112, 113, 114, 115, 116, 117, 118,
|
|
|
119, 120, 121, 122, 123, 124, 125, 126, 127,
|
|
|
128
|
00 67 | 0000 aaaa |
|
00 68 | 0000 bbbb | PATCH MIDI 4:CC1#
(0 - 128) |
|
|
OFF, 0, 1, 2, 3, 4, 5, 6, 7, 8, 9, 10, 11, 12, |
|
|
13, 14, 15, 16, 17, 18, 19, 20, 21, 22, 23,
|
|
|
24, 25, 26, 27, 28, 29, 30, 31, 32, 33, 34,
|
|
|
35, 36, 37, 38, 39, 40, 41, 42, 43, 44, 45,
|
|
|
46, 47, 48, 49, 50, 51, 52, 53, 54, 55, 56,
|
|
|
57, 58, 59, 60, 61, 62, 63, 64, 65, 66, 67,
|
|
|
68, 69, 70, 71, 72, 73, 74, 75, 76, 77, 78,
|
|
|
79, 80, 81, 82, 83, 84, 85, 86, 87, 88, 89,
|
|
|
90, 91, 92, 93, 94, 95, 96, 97, 98, 99, 100,
|
|
|
101, 102, 103, 104, 105, 106, 107, 108, 109,
|
|
|
110, 111, 112, 113, 114, 115, 116, 117, 118,
|
|
|
119, 120, 121, 122, 123, 124, 125, 126, 127
|
00 69 | 0aaa aaaa | PATCH MIDI 4:CC1 VALUE
(0 - 127) |
00 6A | 0000 aaaa |
|
00 6B | 0000 bbbb | PATCH MIDI 4:CC2#
(0 - 128) |
|
|
OFF, 0, 1, 2, 3, 4, 5, 6, 7, 8, 9, 10, 11, 12, |
|
|
13, 14, 15, 16, 17, 18, 19, 20, 21, 22, 23,
|
|
|
24, 25, 26, 27, 28, 29, 30, 31, 32, 33, 34,
|
|
|
35, 36, 37, 38, 39, 40, 41, 42, 43, 44, 45,
|
|
|
46, 47, 48, 49, 50, 51, 52, 53, 54, 55, 56,
|
|
|
57, 58, 59, 60, 61, 62, 63, 64, 65, 66, 67,
|
|
|
68, 69, 70, 71, 72, 73, 74, 75, 76, 77, 78,
|
|
|
79, 80, 81, 82, 83, 84, 85, 86, 87, 88, 89,
|
|
|
90, 91, 92, 93, 94, 95, 96, 97, 98, 99, 100,
|
|
|
101, 102, 103, 104, 105, 106, 107, 108, 109,
|
|
|
110, 111, 112, 113, 114, 115, 116, 117, 118,
|
|
|
119, 120, 121, 122, 123, 124, 125, 126, 127
|
00 6C | 0aaa aaaa | PATCH MIDI 4:CC2 VALUE
(0 - 127) |
00 6D | 0000 aaaa | CC1 SRC
(0 - 10) |
|
|
GK VOL, GK SW1, GK SW2, CTL1, CTL2, CTL3,
|
|
|
CTL4, CTL5, CTL6, EXP1, EXP2
|
00 6E | 00aa aaaa | CC1 CC#
(0 - 63) |
|
|
OFF, CC# 1, CC# 2, CC# 3, CC# 4, CC# 5, CC# 6, |
|
|
CC# 7, CC# 8, CC# 9, CC#10, CC#11, CC#12,
|
|
|
CC#13, CC#14, CC#15, CC#16, CC#17, CC#18,
|
|
|
CC#19, CC#20, CC#21, CC#22, CC#23, CC#24,
|
|
|
CC#25, CC#26, CC#27, CC#28, CC#29, CC#30,
|
|
|
CC#31, CC#64, CC#65, CC#66, CC#67, CC#68,
|
|
|
CC#69, CC#70, CC#71, CC#72, CC#73, CC#74,
|
|
|
CC#75, CC#76, CC#77, CC#78, CC#79, CC#80,
|
|
|
CC#81, CC#82, CC#83, CC#84, CC#85, CC#86,
|
|
|
CC#87, CC#88, CC#89, CC#90, CC#91, CC#92,
|
|
|
CC#93, CC#94, CC#95
|
00 6F | 0000 aaaa | CC2 SRC
(0 - 10) |
|
|
GK VOL, GK SW1, GK SW2, CTL1, CTL2, CTL3,
|
|
|
CTL4, CTL5, CTL6, EXP1, EXP2
|
00 70 | 00aa aaaa | CC2 CC#
(0 - 63) |
|
|
OFF, CC# 1, CC# 2, CC# 3, CC# 4, CC# 5, CC# 6, |
|
|
CC# 7, CC# 8, CC# 9, CC#10, CC#11, CC#12,
|
|
|
CC#13, CC#14, CC#15, CC#16, CC#17, CC#18,
|
|
|
CC#19, CC#20, CC#21, CC#22, CC#23, CC#24,
|
|
|
CC#25, CC#26, CC#27, CC#28, CC#29, CC#30,
|
|
|
CC#31, CC#64, CC#65, CC#66, CC#67, CC#68,
|
|
|
CC#69, CC#70, CC#71, CC#72, CC#73, CC#74,
|
|
|
CC#75, CC#76, CC#77, CC#78, CC#79, CC#80,
|
|
|
CC#81, CC#82, CC#83, CC#84, CC#85, CC#86,
|
|
|
CC#87, CC#88, CC#89, CC#90, CC#91, CC#92,
|
|
|
CC#93, CC#94, CC#95
|
00 71 | 0000 aaaa |
|
00 72 | 0000 bbbb | BANK MSB
(0 - 128) |
|
|
OFF, 0, 1, 2, 3, 4, 5, 6, 7, 8, 9, 10, 11, 12, |
|
|
13, 14, 15, 16, 17, 18, 19, 20, 21, 22, 23,
|
|
|
24, 25, 26, 27, 28, 29, 30, 31, 32, 33, 34,
|
|
|
35, 36, 37, 38, 39, 40, 41, 42, 43, 44, 45,
|
|
|
46, 47, 48, 49, 50, 51, 52, 53, 54, 55, 56,
|
|
|
57, 58, 59, 60, 61, 62, 63, 64, 65, 66, 67,
|
|
|
68, 69, 70, 71, 72, 73, 74, 75, 76, 77, 78,
|
|
|
79, 80, 81, 82, 83, 84, 85, 86, 87, 88, 89,
|
|
|
90, 91, 92, 93, 94, 95, 96, 97, 98, 99, 100,
|
|
|
101, 102, 103, 104, 105, 106, 107, 108, 109,
|
|
|
110, 111, 112, 113, 114, 115, 116, 117, 118,
|
|
|
119, 120, 121, 122, 123, 124, 125, 126, 127
|
00 73 | 0000 aaaa |
|
00 74 | 0000 bbbb | BANK LSB
(0 - 128) |
|
|
OFF, 0, 1, 2, 3, 4, 5, 6, 7, 8, 9, 10, 11, 12, |
|
|
13, 14, 15, 16, 17, 18, 19, 20, 21, 22, 23,
|
|
|
24, 25, 26, 27, 28, 29, 30, 31, 32, 33, 34,
|
|
|
35, 36, 37, 38, 39, 40, 41, 42, 43, 44, 45,
|
|
|
46, 47, 48, 49, 50, 51, 52, 53, 54, 55, 56,
|
|
|
57, 58, 59, 60, 61, 62, 63, 64, 65, 66, 67,
|
|
|
68, 69, 70, 71, 72, 73, 74, 75, 76, 77, 78,
|
|
|
79, 80, 81, 82, 83, 84, 85, 86, 87, 88, 89,
|
|
|
90, 91, 92, 93, 94, 95, 96, 97, 98, 99, 100,
|
|
|
101, 102, 103, 104, 105, 106, 107, 108, 109,
|
|
|
110, 111, 112, 113, 114, 115, 116, 117, 118,
|
|
|
119, 120, 121, 122, 123, 124, 125, 126, 127
|
00 75 | 0000 aaaa |
|
00 76 | 0000 bbbb | PC
(0 - 128) |
|
|
OFF, 1, 2, 3, 4, 5, 6, 7, 8, 9, 10, 11, 12,
|
|
|
13, 14, 15, 16, 17, 18, 19, 20, 21, 22, 23,
|
|
|
24, 25, 26, 27, 28, 29, 30, 31, 32, 33, 34,
|
|
|
35, 36, 37, 38, 39, 40, 41, 42, 43, 44, 45,
|
|
|
46, 47, 48, 49, 50, 51, 52, 53, 54, 55, 56,
|
|
|
57, 58, 59, 60, 61, 62, 63, 64, 65, 66, 67,
|
|
|
68, 69, 70, 71, 72, 73, 74, 75, 76, 77, 78,
|
|
|
79, 80, 81, 82, 83, 84, 85, 86, 87, 88, 89,
|

