|
|
|
|
|
|
|
|
|
|
|
|
|
|
|
|
|
|
|
|
|
|
|
|
|
|
|
|
|
|
|
|
|
|
|
|
|
|
|
|
|
|
|
|
|
|
|
|
|
|
|
|
|
|
|
|
|
|
|
|
|
|
|
|
|
|
|
|
|
|
|
|
|
|
|
|
|
|
|
|
|
|
|
|
|
|
|
|
|
|
|
|
|
|
|
|
|
|
|
|
|
|
|
|
|
|
|
|
|

|
03 79 | 0000 bbbb |
|
|
03 7A | 0000 cccc |
|
|
03 7B | 0000 dddd | Program Change
(0 - 399) |
|#
03 7C | 0000 aaaa |
|
|
03 7D | 0000 bbbb |
|
|
03 7E | 0000 cccc |
|
|
03 7F | 0000 dddd | Program Change
(0 - 399) |
|-------------+----------------------------------------------------------------|
| 00 00 04 00 |Total Size
|
+------------------------------------------------------------------------------+
* [SetupTemp]
+------------------------------------------------------------------------------+
| Offset
|
|
|
Address |
Description
|
|-------------+----------------------------------------------------------------|
|
00 00 | 00aa aaaa | INST VARIATION
(0 - 51) |
|
|
|
PATCH, ---, 01, 02, 03, 04, 05, 06, 07, 08,
|
|
|
|
09, 10, 11, 12, 13, 14, 15, 16, 17, 18, 19,
|
|
|
|
20, 21, 22, 23, 24, 25, 26, 27, 28, 29, 30,
|
|
|
|
31, 32, 33, 34, 35, 36, 37, 38, 39, 40, 41,
|
|
|
|
42, 43, 44, 45, 46, 47, 48, 49, 50
|
|
00 01 | 00aa aaaa | INST VARIATION
(0 - 51) |
|
|
|
PATCH, ---, 01, 02, 03, 04, 05, 06, 07, 08,
|
|
|
|
09, 10, 11, 12, 13, 14, 15, 16, 17, 18, 19,
|
|
|
|
20, 21, 22, 23, 24, 25, 26, 27, 28, 29, 30,
|
|
|
|
31, 32, 33, 34, 35, 36, 37, 38, 39, 40, 41,
|
|
|
|
42, 43, 44, 45, 46, 47, 48, 49, 50
|
|
00 02 | 00aa aaaa | INST VARIATION
(0 - 51) |
|
|
|
PATCH, ---, 01, 02, 03, 04, 05, 06, 07, 08,
|
|
|
|
09, 10, 11, 12, 13, 14, 15, 16, 17, 18, 19,
|
|
|
|
20, 21, 22, 23, 24, 25, 26, 27, 28, 29, 30,
|
|
|
|
31, 32, 33, 34, 35, 36, 37, 38, 39, 40, 41,
|
|
|
|
42, 43, 44, 45, 46, 47, 48, 49, 50
|
|
00 03 | 00aa aaaa | LFO VARIATION
(0 - 51) |
|
|
|
PATCH, ---, 01, 02, 03, 04, 05, 06, 07, 08,
|
|
|
|
09, 10, 11, 12, 13, 14, 15, 16, 17, 18, 19,
|
|
|
|
20, 21, 22, 23, 24, 25, 26, 27, 28, 29, 30,
|
|
|
|
31, 32, 33, 34, 35, 36, 37, 38, 39, 40, 41,
|
|
|
|
42, 43, 44, 45, 46, 47, 48, 49, 50
|
|
00 04 | 00aa aaaa | LFO VARIATION
(0 - 51) |
|
|
|
PATCH, ---, 01, 02, 03, 04, 05, 06, 07, 08,
|
|
|
|
09, 10, 11, 12, 13, 14, 15, 16, 17, 18, 19,
|
|
|
|
20, 21, 22, 23, 24, 25, 26, 27, 28, 29, 30,
|
|
|
|
31, 32, 33, 34, 35, 36, 37, 38, 39, 40, 41,
|
|
|
|
42, 43, 44, 45, 46, 47, 48, 49, 50
|
|
00 05 | 00aa aaaa | LFO VARIATION
(0 - 51) |
|
|
|
PATCH, ---, 01, 02, 03, 04, 05, 06, 07, 08,
|
|
|
|
09, 10, 11, 12, 13, 14, 15, 16, 17, 18, 19,
|
|
|
|
20, 21, 22, 23, 24, 25, 26, 27, 28, 29, 30,
|
|
|
|
31, 32, 33, 34, 35, 36, 37, 38, 39, 40, 41,
|
|
|
|
42, 43, 44, 45, 46, 47, 48, 49, 50
|
|
00 06 | 00aa aaaa | SEQUENCER VARIATION
(0 - 51) |
|
|
|
PATCH, ---, 01, 02, 03, 04, 05, 06, 07, 08,
|
|
|
|
09, 10, 11, 12, 13, 14, 15, 16, 17, 18, 19,
|
|
|
|
20, 21, 22, 23, 24, 25, 26, 27, 28, 29, 30,
|
|
|
|
31, 32, 33, 34, 35, 36, 37, 38, 39, 40, 41,
|
|
|
|
42, 43, 44, 45, 46, 47, 48, 49, 50
|
|
00 07 | 00aa aaaa | SEQUENCER VARIATION
(0 - 51) |
|
|
|
PATCH, ---, 01, 02, 03, 04, 05, 06, 07, 08,
|
|
|
|
09, 10, 11, 12, 13, 14, 15, 16, 17, 18, 19,
|
|
|
|
20, 21, 22, 23, 24, 25, 26, 27, 28, 29, 30,
|
|
|
|
31, 32, 33, 34, 35, 36, 37, 38, 39, 40, 41,
|
|
|
|
42, 43, 44, 45, 46, 47, 48, 49, 50
|
|
00 08 | 00aa aaaa | SEQUENCER VARIATION
(0 - 51) |
|
|
|
PATCH, ---, 01, 02, 03, 04, 05, 06, 07, 08,
|
|
|
|
09, 10, 11, 12, 13, 14, 15, 16, 17, 18, 19,
|
|
|
|
20, 21, 22, 23, 24, 25, 26, 27, 28, 29, 30,
|
|
|
|
31, 32, 33, 34, 35, 36, 37, 38, 39, 40, 41,
|
|
|
|
42, 43, 44, 45, 46, 47, 48, 49, 50
|
|
00 09 | 0000 aaaa | AMP VARIATION
(0 - 11) |
|
|
|PATCH, ---, 01, 02, 03, 04, 05, 06, 07, 08, 09, 10 |
|
00 0A | 0000 aaaa | AMP VARIATION
(0 - 11) |
|
|
|PATCH, ---, 01, 02, 03, 04, 05, 06, 07, 08, 09, 10 |
|
00 0B | 0000 aaaa | AMP VARIATION
(0 - 11) |
|
|
|PATCH, ---, 01, 02, 03, 04, 05, 06, 07, 08, 09, 10 |
|
00 0C | 0000 aaaa | EFFECT VARIATION
(0 - 11) |
|
|
|PATCH, ---, 01, 02, 03, 04, 05, 06, 07, 08, 09, 10 |
|
00 0D | 0000 aaaa | EFFECT VARIATION
(0 - 11) |
|
|
|PATCH, ---, 01, 02, 03, 04, 05, 06, 07, 08, 09, 10 |
|
00 0E | 0000 aaaa | EFFECT VARIATION
(0 - 11) |
|
|
|PATCH, ---, 01, 02, 03, 04, 05, 06, 07, 08, 09, 10 |
|
00 0F | 0000 aaaa | EFFECT VARIATION
(0 - 11) |
|
|
|PATCH, ---, 01, 02, 03, 04, 05, 06, 07, 08, 09, 10 |
|
00 10 | 0000 aaaa | EFFECT VARIATION
(0 - 11) |
|
|
|PATCH, ---, 01, 02, 03, 04, 05, 06, 07, 08, 09, 10 |
|
00 11 | 0000 aaaa | EFFECT VARIATION
(0 - 11) |
|
|
|PATCH, ---, 01, 02, 03, 04, 05, 06, 07, 08, 09, 10 |
|
00 12 | 0000 aaaa | EFFECT VARIATION
(0 - 11) |
|
|
|PATCH, ---, 01, 02, 03, 04, 05, 06, 07, 08, 09, 10 |
|
00 13 | 0000 aaaa | EFFECT VARIATION
(0 - 11) |
|
|
|PATCH, ---, 01, 02, 03, 04, 05, 06, 07, 08, 09, 10 |
|
00 14 | 0000 aaaa | EFFECT VARIATION
(0 - 11) |
|
|
|PATCH, ---, 01, 02, 03, 04, 05, 06, 07, 08, 09, 10 |
|
00 15 | 0000 aaaa | EFFECT VARIATION
(0 - 11) |
|
|
|PATCH, ---, 01, 02, 03, 04, 05, 06, 07, 08, 09, 10 |
|
00 16 | 0000 aaaa | EFFECT VARIATION
(0 - 11) |
|
|
|PATCH, ---, 01, 02, 03, 04, 05, 06, 07, 08, 09, 10 |
|
00 17 | 0000 aaaa | EFFECT VARIATION
(0 - 11) |
|
|
|PATCH, ---, 01, 02, 03, 04, 05, 06, 07, 08, 09, 10 |
|
00 18 | 0000 aaaa | EFFECT VARIATION
(0 - 11) |
|
|
|PATCH, ---, 01, 02, 03, 04, 05, 06, 07, 08, 09, 10 |
|
00 19 | 0000 aaaa | EFFECT VARIATION
(0 - 11) |
|
|
|PATCH, ---, 01, 02, 03, 04, 05, 06, 07, 08, 09, 10 |
|
00 1A | 0000 aaaa | EFFECT VARIATION
(0 - 11) |
|
|
|PATCH, ---, 01, 02, 03, 04, 05, 06, 07, 08, 09, 10 |
|
00 1B | 0000 aaaa | EFFECT VARIATION
(0 - 11) |
|
|
|PATCH, ---, 01, 02, 03, 04, 05, 06, 07, 08, 09, 10 |
|
00 1C | 0000 aaaa | EFFECT VARIATION
(0 - 11) |

20

|
|PATCH, ---, 01, 02, 03, 04, 05, 06, 07, 08, 09, 10 |
00 1D | 0000 aaaa | EFFECT VARIATION
(0 - 11) |
|
|PATCH, ---, 01, 02, 03, 04, 05, 06, 07, 08, 09, 10 |
00 1E | 0000 aaaa | EFFECT VARIATION
(0 - 11) |
|
|PATCH, ---, 01, 02, 03, 04, 05, 06, 07, 08, 09, 10 |
00 1F | 0000 aaaa | EFFECT VARIATION
(0 - 11) |
|
|PATCH, ---, 01, 02, 03, 04, 05, 06, 07, 08, 09, 10 |
00 20 | 0000 aaaa | EFFECT VARIATION
(0 - 11) |
|
|PATCH, ---, 01, 02, 03, 04, 05, 06, 07, 08, 09, 10 |
00 21 | 0000 aaaa | EFFECT VARIATION
(0 - 11) |
|
|PATCH, ---, 01, 02, 03, 04, 05, 06, 07, 08, 09, 10 |
00 22 | 0000 aaaa | EFFECT VARIATION
(0 - 11) |
|
|PATCH, ---, 01, 02, 03, 04, 05, 06, 07, 08, 09, 10 |
00 23 | 0000 aaaa | EFFECT VARIATION
(0 - 11) |
|
|PATCH, ---, 01, 02, 03, 04, 05, 06, 07, 08, 09, 10 |
00 24 | 0000 aaaa | EFFECT VARIATION
(0 - 11) |
|
|PATCH, ---, 01, 02, 03, 04, 05, 06, 07, 08, 09, 10 |
00 25 | 0000 aaaa | EFFECT VARIATION
(0 - 11) |
|
|PATCH, ---, 01, 02, 03, 04, 05, 06, 07, 08, 09, 10 |
00 26 | 0000 aaaa | EFFECT VARIATION
(0 - 11) |
|
|PATCH, ---, 01, 02, 03, 04, 05, 06, 07, 08, 09, 10 |
00 27 | 0000 aaaa | EFFECT VARIATION
(0 - 11) |
|
|PATCH, ---, 01, 02, 03, 04, 05, 06, 07, 08, 09, 10 |
00 28 | 0000 aaaa | EFFECT VARIATION
(0 - 11) |
|
|PATCH, ---, 01, 02, 03, 04, 05, 06, 07, 08, 09, 10 |
00 29 | 0000 aaaa | EFFECT VARIATION
(0 - 11) |
|
|PATCH, ---, 01, 02, 03, 04, 05, 06, 07, 08, 09, 10 |
00 2A | 0000 aaaa | EFFECT VARIATION
(0 - 11) |
|
|PATCH, ---, 01, 02, 03, 04, 05, 06, 07, 08, 09, 10 |
00 2B | 0000 aaaa | EFFECT VARIATION
(0 - 11) |
|
|PATCH, ---, 01, 02, 03, 04, 05, 06, 07, 08, 09, 10 |
00 2C | 0000 aaaa | EFFECT VARIATION
(0 - 11) |
|
|PATCH, ---, 01, 02, 03, 04, 05, 06, 07, 08, 09, 10 |
00 2D | 0000 aaaa | EFFECT VARIATION
(0 - 11) |
|
|PATCH, ---, 01, 02, 03, 04, 05, 06, 07, 08, 09, 10 |
00 2E | 0000 aaaa | EFFECT VARIATION
(0 - 11) |
|
|PATCH, ---, 01, 02, 03, 04, 05, 06, 07, 08, 09, 10 |
00 2F | 0000 aaaa | EFFECT VARIATION
(0 - 11) |
|
|PATCH, ---, 01, 02, 03, 04, 05, 06, 07, 08, 09, 10 |
00 30 | 0000 aaaa | EFFECT VARIATION
(0 - 11) |
|
|PATCH, ---, 01, 02, 03, 04, 05, 06, 07, 08, 09, 10 |
00 31 | 0000 aaaa | EFFECT VARIATION
(0 - 11) |
|
|PATCH, ---, 01, 02, 03, 04, 05, 06, 07, 08, 09, 10 |
00 32 | 0000 aaaa | EFFECT VARIATION
(0 - 11) |
|
|PATCH, ---, 01, 02, 03, 04, 05, 06, 07, 08, 09, 10 |
00 33 | 0000 aaaa | EFFECT VARIATION
(0 - 11) |
|
|PATCH, ---, 01, 02, 03, 04, 05, 06, 07, 08, 09, 10 |
00 34 | 0000 aaaa | EFFECT VARIATION
(0 - 11) |
|
|PATCH, ---, 01, 02, 03, 04, 05, 06, 07, 08, 09, 10 |
00 35 | 0000 aaaa | EFFECT VARIATION
(0 - 11) |
|
|PATCH, ---, 01, 02, 03, 04, 05, 06, 07, 08, 09, 10 |
00 36 | 0000 aaaa | EFFECT VARIATION
(0 - 11) |
|
|PATCH, ---, 01, 02, 03, 04, 05, 06, 07, 08, 09, 10 |
00 37 | 0000 aaaa | EFFECT VARIATION
(0 - 11) |
|
|PATCH, ---, 01, 02, 03, 04, 05, 06, 07, 08, 09, 10 |
00 38 | 0000 aaaa | EFFECT VARIATION
(0 - 11) |
|
|PATCH, ---, 01, 02, 03, 04, 05, 06, 07, 08, 09, 10 |
00 39 | 0000 aaaa | EFFECT VARIATION
(0 - 11) |
|
|PATCH, ---, 01, 02, 03, 04, 05, 06, 07, 08, 09, 10 |
00 3A | 0000 aaaa | EFFECT VARIATION
(0 - 11) |
|
|PATCH, ---, 01, 02, 03, 04, 05, 06, 07, 08, 09, 10 |
00 3B | 0000 aaaa | EFFECT VARIATION
(0 - 11) |
|
|PATCH, ---, 01, 02, 03, 04, 05, 06, 07, 08, 09, 10 |
00 3C | 0000 aaaa | EFFECT VARIATION
(0 - 11) |
|
|PATCH, ---, 01, 02, 03, 04, 05, 06, 07, 08, 09, 10 |
00 3D | 0000 aaaa | EFFECT VARIATION
(0 - 11) |
|
|PATCH, ---, 01, 02, 03, 04, 05, 06, 07, 08, 09, 10 |
00 3E | 0000 aaaa | EFFECT VARIATION
(0 - 11) |
|
|PATCH, ---, 01, 02, 03, 04, 05, 06, 07, 08, 09, 10 |
00 3F | 0000 aaaa | EFFECT VARIATION
(0 - 11) |
|
|PATCH, ---, 01, 02, 03, 04, 05, 06, 07, 08, 09, 10 |
00 40 | 0000 aaaa | EFFECT VARIATION
(0 - 11) |
|
|PATCH, ---, 01, 02, 03, 04, 05, 06, 07, 08, 09, 10 |
00 41 | 0000 aaaa | EFFECT VARIATION
(0 - 11) |
|
|PATCH, ---, 01, 02, 03, 04, 05, 06, 07, 08, 09, 10 |
00 42 | 0000 aaaa | EFFECT VARIATION
(0 - 11) |
|
|PATCH, ---, 01, 02, 03, 04, 05, 06, 07, 08, 09, 10 |
00 43 | 0000 aaaa | EFFECT VARIATION
(0 - 11) |
|
|PATCH, ---, 01, 02, 03, 04, 05, 06, 07, 08, 09, 10 |
00 44 | 0000 aaaa | EFFECT VARIATION
(0 - 11) |
|
|PATCH, ---, 01, 02, 03, 04, 05, 06, 07, 08, 09, 10 |
00 45 | 0000 aaaa | EFFECT VARIATION
(0 - 11) |
|
|PATCH, ---, 01, 02, 03, 04, 05, 06, 07, 08, 09, 10 |
00 46 | 0000 aaaa | EFFECT VARIATION
(0 - 11) |
|
|PATCH, ---, 01, 02, 03, 04, 05, 06, 07, 08, 09, 10 |
00 47 | 0000 aaaa | EFFECT VARIATION
(0 - 11) |
|
|PATCH, ---, 01, 02, 03, 04, 05, 06, 07, 08, 09, 10 |
00 48 | 0000 aaaa | EFFECT VARIATION
(0 - 11) |
|
|PATCH, ---, 01, 02, 03, 04, 05, 06, 07, 08, 09, 10 |
00 49 | 0000 aaaa | EFFECT VARIATION
(0 - 11) |
|
|PATCH, ---, 01, 02, 03, 04, 05, 06, 07, 08, 09, 10 |
00 4A | 0000 aaaa | EFFECT VARIATION
(0 - 11) |
|
|PATCH, ---, 01, 02, 03, 04, 05, 06, 07, 08, 09, 10 |
00 4B | 0000 aaaa | EFFECT VARIATION
(0 - 11) |
|
|PATCH, ---, 01, 02, 03, 04, 05, 06, 07, 08, 09, 10 |
00 4C | 0000 aaaa | EFFECT VARIATION
(0 - 11) |
|
|PATCH, ---, 01, 02, 03, 04, 05, 06, 07, 08, 09, 10 |
00 4D | 0000 aaaa | EFFECT VARIATION
(0 - 11) |
|
|PATCH, ---, 01, 02, 03, 04, 05, 06, 07, 08, 09, 10 |
00 4E | 0000 aaaa | EFFECT VARIATION
(0 - 11) |
|
|PATCH, ---, 01, 02, 03, 04, 05, 06, 07, 08, 09, 10 |
00 4F | 0000 aaaa | EFFECT VARIATION
(0 - 11) |
|
|PATCH, ---, 01, 02, 03, 04, 05, 06, 07, 08, 09, 10 |
00 50 | 0000 aaaa | EFFECT VARIATION
(0 - 11) |
|
|PATCH, ---, 01, 02, 03, 04, 05, 06, 07, 08, 09, 10 |
00 51 | 0000 aaaa | EFFECT VARIATION
(0 - 11) |
|
|PATCH, ---, 01, 02, 03, 04, 05, 06, 07, 08, 09, 10 |
00 52 | 0000 aaaa | EFFECT VARIATION
(0 - 11) |
|
|PATCH, ---, 01, 02, 03, 04, 05, 06, 07, 08, 09, 10 |

