|
|
|
|
|
|
|
|
|
|
|
|
|
|
|
|
|
|
|
|
|
|
|
|
|
|
|
|
|
|
|
|
|
|
|#
|
|
|
|
|
|
|
|
|
|
|
|
|
|#
|
|
|
|
|
|
|
|
|
|
|
|
|
|#
|
|
|
|
|
|
|
|
|
|
|
|
|
|
|#
|
|
|
|
|
|
|
|
|
|
|
|
|
|
|#
|
|
|
|
|
|
|
|
|
|
|
|
|
|
|
|

|
|
|
|
|
|
|
|
|
|
|
|
|#
|
|
|
|
|
|
|
|
|
|
|
|
|
|#
|
|
|
|
|
|
|
|
|
|
|
|
|
|#
|
|
|
|
|
|
|
|
|
|
|
|
|
|
|#
|
|
|
|
|
|
|
|
|
|
|
|
|
|
|#
|
|
|
|
|
|
|
|
|
|
|
|
|
|
|
|
|
|
|
|
|
|
|
|
|
|
|
|
|#
|
|
|
|
|
|
|
|
|

|
|
INST ALL SEQ, 1: SEQ1 TRIG, 1: SEQ2 TRIG,
|
|
|
1: SEQ1&2 TRIG, 2: SEQ1 TRIG, 2: SEQ2 TRIG,
|
|
|
2: SEQ1&2 TRIG, 3: SEQ1 TRIG, 3: SEQ2 TRIG,
|
|
|
3: SEQ1&2 TRIG, ALL SEQ TRIG, 1: SEQ1 TURBO,
|
|
|
1: SEQ2 TURBO, 1:SEQ1&2 TURBO, 2: SEQ1 TURBO,
|
|
|
2: SEQ2 TURBO, 2:SEQ1&2 TURBO, 3: SEQ1 TURBO,
|
|
|
3: SEQ2 TURBO, 3:SEQ1&2 TURBO, ALL: SEQ TURBO, |
|
|
INST1 HOLD, INST2 HOLD, INST3 HOLD,
|
|
|
INST ALL HOLD, SYNC TRIG, 1: PU SEL UP,
|
|
|
2: PU SEL UP, 3: PU SEL UP, 1: PU SEL DOWN,
|
|
|
2: PU SEL DOWN, 3: PU SEL DOWN, INST1 AMP,
|
|
|
INST2 AMP, INST3 AMP, INST1 AMP SOLO,
|
|
|
INST2 AMP SOLO, INST3 AMP SOLO, FX1, FX2, FX3, |
|
|
CMP, DS, DS SOLO, AMP, AMP SOLO, EQ1, EQ2, NS, |
|
|
DLY1, DLY2, MST DLY, CHO, REV, S/R,
|
|
|
FX1 TRIGGER, FX2 TRIGGER, FX3 TRIGGER,
|
|
|
MDLY TRIGGER, DIV CH SELECT, MIDI START,
|
|
|
MMC PLAY
|
00 38 | 0000 000a | Manual Num4 Mode
(0 - 1) |
|
|
TOGGLE, MOMENT |
00 39 | 000a aaaa | PATCH MIDI 1:CH
(0 - 16) |
|
|
OFF, 1, 2, 3, 4, 5, 6, 7, 8, 9, 10, 11, 12,
|
|
|
13, 14, 15, 16, 17, 18, 19, 20, 21, 22, 23,
|
|
|
24, 25, 26, 27, 28, 29, 30, 31, 32, 33, 34,
|
|
|
35, 36, 37, 38, 39, 40, 41, 42, 43, 44, 45,
|
|
|
46, 47, 48, 49, 50, 51, 52, 53, 54, 55, 56,
|
|
|
57, 58, 59, 60, 61, 62, 63, 64, 65, 66, 67,
|
|
|
68, 69, 70, 71, 72, 73, 74, 75, 76, 77, 78,
|
|
|
79, 80, 81, 82, 83, 84, 85, 86, 87, 88, 89,
|
|
|
90, 91, 92, 93, 94, 95, 96, 97, 98, 99, 100,
|
|
|
101, 102, 103, 104, 105, 106, 107, 108, 109,
|
|
|
110, 111, 112, 113, 114, 115, 116, 117, 118,
|
|
|
119, 120, 121, 122, 123, 124, 125, 126, 127,
|
|
|
128
|
00 3A | 0000 aaaa |
|
00 3B | 0000 bbbb | PATCH MIDI 1:BANK MSB
(0 - 128) |
|
|
OFF, 0, 1, 2, 3, 4, 5, 6, 7, 8, 9, 10, 11, 12, |
|
|
13, 14, 15, 16, 17, 18, 19, 20, 21, 22, 23,
|
|
|
24, 25, 26, 27, 28, 29, 30, 31, 32, 33, 34,
|
|
|
35, 36, 37, 38, 39, 40, 41, 42, 43, 44, 45,
|
|
|
46, 47, 48, 49, 50, 51, 52, 53, 54, 55, 56,
|
|
|
57, 58, 59, 60, 61, 62, 63, 64, 65, 66, 67,
|
|
|
68, 69, 70, 71, 72, 73, 74, 75, 76, 77, 78,
|
|
|
79, 80, 81, 82, 83, 84, 85, 86, 87, 88, 89,
|
|
|
90, 91, 92, 93, 94, 95, 96, 97, 98, 99, 100,
|
|
|
101, 102, 103, 104, 105, 106, 107, 108, 109,
|
|
|
110, 111, 112, 113, 114, 115, 116, 117, 118,
|
|
|
119, 120, 121, 122, 123, 124, 125, 126, 127
|
00 3C | 0000 aaaa |
|
00 3D | 0000 bbbb | PATCH MIDI 1:BANK LSB
(0 - 128) |
|
|
OFF, 0, 1, 2, 3, 4, 5, 6, 7, 8, 9, 10, 11, 12, |
|
|
13, 14, 15, 16, 17, 18, 19, 20, 21, 22, 23,
|
|
|
24, 25, 26, 27, 28, 29, 30, 31, 32, 33, 34,
|
|
|
35, 36, 37, 38, 39, 40, 41, 42, 43, 44, 45,
|
|
|
46, 47, 48, 49, 50, 51, 52, 53, 54, 55, 56,
|
|
|
57, 58, 59, 60, 61, 62, 63, 64, 65, 66, 67,
|
|
|
68, 69, 70, 71, 72, 73, 74, 75, 76, 77, 78,
|
|
|
79, 80, 81, 82, 83, 84, 85, 86, 87, 88, 89,
|
|
|
90, 91, 92, 93, 94, 95, 96, 97, 98, 99, 100,
|
|
|
101, 102, 103, 104, 105, 106, 107, 108, 109,
|
|
|
110, 111, 112, 113, 114, 115, 116, 117, 118,
|
|
|
119, 120, 121, 122, 123, 124, 125, 126, 127
|
00 3E | 0000 aaaa |
|
00 3F | 0000 bbbb | PATCH MIDI 1:PC#
(0 - 128) |
|
|
OFF, 1, 2, 3, 4, 5, 6, 7, 8, 9, 10, 11, 12,
|
|
|
13, 14, 15, 16, 17, 18, 19, 20, 21, 22, 23,
|
|
|
24, 25, 26, 27, 28, 29, 30, 31, 32, 33, 34,
|
|
|
35, 36, 37, 38, 39, 40, 41, 42, 43, 44, 45,
|
|
|
46, 47, 48, 49, 50, 51, 52, 53, 54, 55, 56,
|
|
|
57, 58, 59, 60, 61, 62, 63, 64, 65, 66, 67,
|
|
|
68, 69, 70, 71, 72, 73, 74, 75, 76, 77, 78,
|
|
|
79, 80, 81, 82, 83, 84, 85, 86, 87, 88, 89,
|
|
|
90, 91, 92, 93, 94, 95, 96, 97, 98, 99, 100,
|
|
|
101, 102, 103, 104, 105, 106, 107, 108, 109,
|
|
|
110, 111, 112, 113, 114, 115, 116, 117, 118,
|
|
|
119, 120, 121, 122, 123, 124, 125, 126, 127,
|
|
|
128
|
00 40 | 0000 aaaa |
|
00 41 | 0000 bbbb | PATCH MIDI 1:CC1#
(0 - 128) |
|
|
OFF, 0, 1, 2, 3, 4, 5, 6, 7, 8, 9, 10, 11, 12, |
|
|
13, 14, 15, 16, 17, 18, 19, 20, 21, 22, 23,
|
|
|
24, 25, 26, 27, 28, 29, 30, 31, 32, 33, 34,
|
|
|
35, 36, 37, 38, 39, 40, 41, 42, 43, 44, 45,
|
|
|
46, 47, 48, 49, 50, 51, 52, 53, 54, 55, 56,
|
|
|
57, 58, 59, 60, 61, 62, 63, 64, 65, 66, 67,
|
|
|
68, 69, 70, 71, 72, 73, 74, 75, 76, 77, 78,
|
|
|
79, 80, 81, 82, 83, 84, 85, 86, 87, 88, 89,
|
|
|
90, 91, 92, 93, 94, 95, 96, 97, 98, 99, 100,
|
|
|
101, 102, 103, 104, 105, 106, 107, 108, 109,
|
|
|
110, 111, 112, 113, 114, 115, 116, 117, 118,
|
|
|
119, 120, 121, 122, 123, 124, 125, 126, 127
|
00 42 | 0aaa aaaa | PATCH MIDI 1:CC1 VALUE
(0 - 127) |
00 43 | 0000 aaaa |
|
00 44 | 0000 bbbb | PATCH MIDI 1:CC2#
(0 - 128) |
|
|
OFF, 0, 1, 2, 3, 4, 5, 6, 7, 8, 9, 10, 11, 12, |
|
|
13, 14, 15, 16, 17, 18, 19, 20, 21, 22, 23,
|
|
|
24, 25, 26, 27, 28, 29, 30, 31, 32, 33, 34,
|
|
|
35, 36, 37, 38, 39, 40, 41, 42, 43, 44, 45,
|
|
|
46, 47, 48, 49, 50, 51, 52, 53, 54, 55, 56,
|
|
|
57, 58, 59, 60, 61, 62, 63, 64, 65, 66, 67,
|
|
|
68, 69, 70, 71, 72, 73, 74, 75, 76, 77, 78,
|
|
|
79, 80, 81, 82, 83, 84, 85, 86, 87, 88, 89,
|
|
|
90, 91, 92, 93, 94, 95, 96, 97, 98, 99, 100,
|
|
|
101, 102, 103, 104, 105, 106, 107, 108, 109,
|
|
|
110, 111, 112, 113, 114, 115, 116, 117, 118,
|
|
|
119, 120, 121, 122, 123, 124, 125, 126, 127
|
00 45 | 0aaa aaaa | PATCH MIDI 1:CC2 VALUE
(0 - 127) |
00 46 | 000a aaaa | PATCH MIDI 2:CH
(0 - 16) |
|
|
OFF, 1, 2, 3, 4, 5, 6, 7, 8, 9, 10, 11, 12,
|

25

|
|
13, 14, 15, 16, 17, 18, 19, 20, 21, 22, 23,
|
|
|
24, 25, 26, 27, 28, 29, 30, 31, 32, 33, 34,
|
|
|
35, 36, 37, 38, 39, 40, 41, 42, 43, 44, 45,
|
|
|
46, 47, 48, 49, 50, 51, 52, 53, 54, 55, 56,
|
|
|
57, 58, 59, 60, 61, 62, 63, 64, 65, 66, 67,
|
|
|
68, 69, 70, 71, 72, 73, 74, 75, 76, 77, 78,
|
|
|
79, 80, 81, 82, 83, 84, 85, 86, 87, 88, 89,
|
|
|
90, 91, 92, 93, 94, 95, 96, 97, 98, 99, 100,
|
|
|
101, 102, 103, 104, 105, 106, 107, 108, 109,
|
|
|
110, 111, 112, 113, 114, 115, 116, 117, 118,
|
|
|
119, 120, 121, 122, 123, 124, 125, 126, 127,
|
|
|
128
|
00 47 | 0000 aaaa |
|
00 48 | 0000 bbbb | PATCH MIDI 2:BANK MSB
(0 - 128) |
|
|
OFF, 0, 1, 2, 3, 4, 5, 6, 7, 8, 9, 10, 11, 12, |
|
|
13, 14, 15, 16, 17, 18, 19, 20, 21, 22, 23,
|
|
|
24, 25, 26, 27, 28, 29, 30, 31, 32, 33, 34,
|
|
|
35, 36, 37, 38, 39, 40, 41, 42, 43, 44, 45,
|
|
|
46, 47, 48, 49, 50, 51, 52, 53, 54, 55, 56,
|
|
|
57, 58, 59, 60, 61, 62, 63, 64, 65, 66, 67,
|
|
|
68, 69, 70, 71, 72, 73, 74, 75, 76, 77, 78,
|
|
|
79, 80, 81, 82, 83, 84, 85, 86, 87, 88, 89,
|
|
|
90, 91, 92, 93, 94, 95, 96, 97, 98, 99, 100,
|
|
|
101, 102, 103, 104, 105, 106, 107, 108, 109,
|
|
|
110, 111, 112, 113, 114, 115, 116, 117, 118,
|
|
|
119, 120, 121, 122, 123, 124, 125, 126, 127
|
00 49 | 0000 aaaa |
|
00 4A | 0000 bbbb | PATCH MIDI 2:BANK LSB
(0 - 128) |
|
|
OFF, 0, 1, 2, 3, 4, 5, 6, 7, 8, 9, 10, 11, 12, |
|
|
13, 14, 15, 16, 17, 18, 19, 20, 21, 22, 23,
|
|
|
24, 25, 26, 27, 28, 29, 30, 31, 32, 33, 34,
|
|
|
35, 36, 37, 38, 39, 40, 41, 42, 43, 44, 45,
|
|
|
46, 47, 48, 49, 50, 51, 52, 53, 54, 55, 56,
|
|
|
57, 58, 59, 60, 61, 62, 63, 64, 65, 66, 67,
|
|
|
68, 69, 70, 71, 72, 73, 74, 75, 76, 77, 78,
|
|
|
79, 80, 81, 82, 83, 84, 85, 86, 87, 88, 89,
|
|
|
90, 91, 92, 93, 94, 95, 96, 97, 98, 99, 100,
|
|
|
101, 102, 103, 104, 105, 106, 107, 108, 109,
|
|
|
110, 111, 112, 113, 114, 115, 116, 117, 118,
|
|
|
119, 120, 121, 122, 123, 124, 125, 126, 127
|
00 4B | 0000 aaaa |
|
00 4C | 0000 bbbb | PATCH MIDI 2:PC#
(0 - 128) |
|
|
OFF, 1, 2, 3, 4, 5, 6, 7, 8, 9, 10, 11, 12,
|
|
|
13, 14, 15, 16, 17, 18, 19, 20, 21, 22, 23,
|
|
|
24, 25, 26, 27, 28, 29, 30, 31, 32, 33, 34,
|
|
|
35, 36, 37, 38, 39, 40, 41, 42, 43, 44, 45,
|
|
|
46, 47, 48, 49, 50, 51, 52, 53, 54, 55, 56,
|
|
|
57, 58, 59, 60, 61, 62, 63, 64, 65, 66, 67,
|
|
|
68, 69, 70, 71, 72, 73, 74, 75, 76, 77, 78,
|
|
|
79, 80, 81, 82, 83, 84, 85, 86, 87, 88, 89,
|
|
|
90, 91, 92, 93, 94, 95, 96, 97, 98, 99, 100,
|
|
|
101, 102, 103, 104, 105, 106, 107, 108, 109,
|
|
|
110, 111, 112, 113, 114, 115, 116, 117, 118,
|
|
|
119, 120, 121, 122, 123, 124, 125, 126, 127,
|
|
|
128
|
00 4D | 0000 aaaa |
|
00 4E | 0000 bbbb | PATCH MIDI 2:CC1#
(0 - 128) |
|
|
OFF, 0, 1, 2, 3, 4, 5, 6, 7, 8, 9, 10, 11, 12, |
|
|
13, 14, 15, 16, 17, 18, 19, 20, 21, 22, 23,
|
|
|
24, 25, 26, 27, 28, 29, 30, 31, 32, 33, 34,
|
|
|
35, 36, 37, 38, 39, 40, 41, 42, 43, 44, 45,
|
|
|
46, 47, 48, 49, 50, 51, 52, 53, 54, 55, 56,
|
|
|
57, 58, 59, 60, 61, 62, 63, 64, 65, 66, 67,
|
|
|
68, 69, 70, 71, 72, 73, 74, 75, 76, 77, 78,
|
|
|
79, 80, 81, 82, 83, 84, 85, 86, 87, 88, 89,
|
|
|
90, 91, 92, 93, 94, 95, 96, 97, 98, 99, 100,
|
|
|
101, 102, 103, 104, 105, 106, 107, 108, 109,
|
|
|
110, 111, 112, 113, 114, 115, 116, 117, 118,
|
|
|
119, 120, 121, 122, 123, 124, 125, 126, 127
|
00 4F | 0aaa aaaa | PATCH MIDI 2:CC1 VALUE
(0 - 127) |
00 50 | 0000 aaaa |
|
00 51 | 0000 bbbb | PATCH MIDI 2:CC2#
(0 - 128) |
|
|
OFF, 0, 1, 2, 3, 4, 5, 6, 7, 8, 9, 10, 11, 12, |
|
|
13, 14, 15, 16, 17, 18, 19, 20, 21, 22, 23,
|
|
|
24, 25, 26, 27, 28, 29, 30, 31, 32, 33, 34,
|
|
|
35, 36, 37, 38, 39, 40, 41, 42, 43, 44, 45,
|
|
|
46, 47, 48, 49, 50, 51, 52, 53, 54, 55, 56,
|
|
|
57, 58, 59, 60, 61, 62, 63, 64, 65, 66, 67,
|
|
|
68, 69, 70, 71, 72, 73, 74, 75, 76, 77, 78,
|
|
|
79, 80, 81, 82, 83, 84, 85, 86, 87, 88, 89,
|
|
|
90, 91, 92, 93, 94, 95, 96, 97, 98, 99, 100,
|
|
|
101, 102, 103, 104, 105, 106, 107, 108, 109,
|
|
|
110, 111, 112, 113, 114, 115, 116, 117, 118,
|
|
|
119, 120, 121, 122, 123, 124, 125, 126, 127
|
00 52 | 0aaa aaaa | PATCH MIDI 2:CC2 VALUE
(0 - 127) |
00 53 | 000a aaaa | PATCH MIDI 3:CH
(0 - 16) |
|
|
OFF, 1, 2, 3, 4, 5, 6, 7, 8, 9, 10, 11, 12,
|
|
|
13, 14, 15, 16, 17, 18, 19, 20, 21, 22, 23,
|
|
|
24, 25, 26, 27, 28, 29, 30, 31, 32, 33, 34,
|
|
|
35, 36, 37, 38, 39, 40, 41, 42, 43, 44, 45,
|
|
|
46, 47, 48, 49, 50, 51, 52, 53, 54, 55, 56,
|
|
|
57, 58, 59, 60, 61, 62, 63, 64, 65, 66, 67,
|
|
|
68, 69, 70, 71, 72, 73, 74, 75, 76, 77, 78,
|
|
|
79, 80, 81, 82, 83, 84, 85, 86, 87, 88, 89,
|
|
|
90, 91, 92, 93, 94, 95, 96, 97, 98, 99, 100,
|
|
|
101, 102, 103, 104, 105, 106, 107, 108, 109,
|
|
|
110, 111, 112, 113, 114, 115, 116, 117, 118,
|
|
|
119, 120, 121, 122, 123, 124, 125, 126, 127,
|
|
|
128
|
00 54 | 0000 aaaa |
|
00 55 | 0000 bbbb | PATCH MIDI 3:BANK MSB
(0 - 128) |
|
|
OFF, 0, 1, 2, 3, 4, 5, 6, 7, 8, 9, 10, 11, 12, |
|
|
13, 14, 15, 16, 17, 18, 19, 20, 21, 22, 23,
|
|
|
24, 25, 26, 27, 28, 29, 30, 31, 32, 33, 34,
|
|
|
35, 36, 37, 38, 39, 40, 41, 42, 43, 44, 45,
|
|
|
46, 47, 48, 49, 50, 51, 52, 53, 54, 55, 56,
|
|
|
57, 58, 59, 60, 61, 62, 63, 64, 65, 66, 67,
|
|
|
68, 69, 70, 71, 72, 73, 74, 75, 76, 77, 78,
|
|
|
79, 80, 81, 82, 83, 84, 85, 86, 87, 88, 89,
|

